[00:00:00]
        ambient                          = indoor
        ambient_color                    = 0.000000, 0.000000, 0.000000
        clouds_color                     = 0.000000, 0.000000, 0.000000, 0.500000
        clouds_texture                   = sky\sky_oblaka
        far_plane                        = 300.000000
        fog_color                        = 0.140000, 0.137000, 0.122000
        fog_density                      = 0.900000
        fog_distance                     = 290.000000
        hemisphere_color                 = 0.500000, 0.500000, 0.500000, 1.000000
        rain_color                       = 1.000000, 1.000000, 1.000000
        rain_density                     = 0.000000
        sky_color                        = 0.344000, 0.344000, 0.344000
        sky_rotation                     = 0.000000
        sky_texture                      = sky\sky_9_cube
        sun                              =
        sun_altitude                     = -68.999985
        sun_color                        = 0.000000, 0.000000, 0.000000
        sun_longitude                    = -25.000000
        sun_shafts_intensity             = 0.0
        thunderbolt_collection           =
        thunderbolt_duration             = 0.000000
        thunderbolt_period               = 0.000000
        water_intensity                  = 0.000000
        wind_direction                   = 0.000000
        wind_velocity                    = 0.000000
 
[12:00:00]
        ambient                          = indoor
        ambient_color                    = 0.000000, 0.000000, 0.000000
        clouds_color                     = 0.000000, 0.000000, 0.000000, 0.500000
        clouds_texture                   = sky\sky_oblaka
        far_plane                        = 300.000000
        fog_color                        = 0.140000, 0.137000, 0.122000
        fog_density                      = 0.900000
        fog_distance                     = 290.000000
        hemisphere_color                 = 0.500000, 0.500000, 0.500000, 1.000000
        rain_color                       = 1.000000, 1.000000, 1.000000
        rain_density                     = 0.000000
        sky_color                        = 0.344000, 0.344000, 0.344000
        sky_rotation                     = 0.000000
        sky_texture                      = sky\sky_9_cube
        sun                              =
        sun_altitude                     = -68.999985
        sun_color                        = 0.000000, 0.000000, 0.000000
        sun_longitude                    = -25.000000
        sun_shafts_intensity             = 0.0
        thunderbolt_collection           =
        thunderbolt_duration             = 0.000000
        thunderbolt_period               = 0.000000
        water_intensity                  = 0.000000
        wind_direction                   = 0.000000
        wind_velocity                    = 0.000000
 
