[00:00:00]
        ambient                          = rain
        ambient_color                    = 0.020000, 0.020000, 0.020000
        clouds_color                     = 0.000000, 0.000000, 0.000000, 0.250000
        clouds_texture                   = sky\sky_oblaka
        far_plane                        = 500.000000
        fog_color                        = 0.006700, 0.006300, 0.005500
        fog_density                      = 0.900000
        fog_distance                     = 350.000000
        hemisphere_color                 = 0.100000, 0.100000, 0.100000, 1.000000
        rain_color                       = 0.210000, 0.210000, 0.270000
        rain_density                     = 0.950000
        sky_color                        = 0.250000, 0.250000, 0.250000
        sky_rotation                     = 0.000000
        sky_texture                      = sky\sky_14_cube
        sun                              = gradient1
        sun_altitude                     = -68.999985
        sun_color                        = 0.000000, 0.000000, 0.000000
        sun_longitude                    = -3.000000
        sun_shafts_intensity             = 0.0
        thunderbolt_collection           = collection_default
        thunderbolt_duration             = 0.350000
        thunderbolt_period               = 9.000000
        water_intensity                  = 0.100000
        wind_direction                   = 0.000000
        wind_velocity                    = 0.000000

[12:00:00]
        ambient                          = rain
        ambient_color                    = 0.020000, 0.020000, 0.020000
        clouds_color                     = 0.000000, 0.000000, 0.000000, 0.250000
        clouds_texture                   = sky\sky_oblaka
        far_plane                        = 500.000000
        fog_color                        = 0.006700, 0.006300, 0.005500
        fog_density                      = 0.900000
        fog_distance                     = 350.000000
        hemisphere_color                 = 0.100000, 0.100000, 0.100000, 1.000000
        rain_color                       = 0.210000, 0.210000, 0.270000
        rain_density                     = 0.950000
        sky_color                        = 0.250000, 0.250000, 0.250000
        sky_rotation                     = 0.000000
        sky_texture                      = sky\sky_14_cube
        sun                              = gradient1
        sun_altitude                     = -68.999985
        sun_color                        = 0.000000, 0.000000, 0.000000
        sun_longitude                    = -3.000000
        sun_shafts_intensity             = 0.0
        thunderbolt_collection           = collection_default
        thunderbolt_duration             = 0.350000
        thunderbolt_period               = 9.000000
        water_intensity                  = 0.100000
        wind_direction                   = 0.000000
        wind_velocity                    = 0.000000

