[00:00:00]
        ambient                          = rain
        ambient_color                    = 0.020000, 0.020000, 0.020000
        clouds_color                     = 0.000000, 0.000000, 0.000000, 1.000000
        clouds_texture                   = sky\sky_oblaka
        far_plane                        = 250.000000
        fog_color                        = 0.180392, 0.180392, 0.188235
        fog_density                      = 0.900000
        fog_distance                     = 250.000000
        hemisphere_color                 = 0.284686, 0.280765, 0.253314, 1.000000
        rain_color                       = 1.000000, 1.000000, 1.000000
        rain_density                     = 0.000000
        sky_color                        = 0.800000, 0.800000, 0.800000
        sky_rotation                     = 0.000000
        sky_texture                      = sky\sky_9_cube
        sun                              = gradient1
        sun_altitude                     = -68.999985
        sun_color                        = 0.040000, 0.040000, 0.040000
        sun_longitude                    = -30.000000
        sun_shafts_intensity             = 0.000000
        thunderbolt_collection           =
        thunderbolt_duration             = 0.000000
        thunderbolt_period               = 0.000000
        water_intensity                  = 0.000000
        wind_direction                   = -120.000000
        wind_velocity                    = 100.000000
        tree_amplitude_intensity        = 0.050000

[00:02:00]
        ambient                          = rain
        ambient_color                    = 0.020000, 0.020000, 0.020000
        clouds_color                     = 0.000000, 0.000000, 0.000000, 1.000000
        clouds_texture                   = sky\sky_oblaka
        far_plane                        = 250.000000
        fog_color                        = 0.160784, 0.160784, 0.168627
        fog_density                      = 0.900000
        fog_distance                     = 250.000000
        hemisphere_color                 = 0.284686, 0.280765, 0.253314, 1.000000
        rain_color                       = 1.000000, 1.000000, 1.000000
        rain_density                     = 0.000000
        sky_color                        = 0.800000, 0.800000, 0.800000
        sky_rotation                     = 0.000000
        sky_texture                      = sky\sky_9_cube
        sun                              = gradient1
        sun_altitude                     = -68.999985
        sun_color                        = 0.040000, 0.040000, 0.040000
        sun_longitude                    = -30.000000
        sun_shafts_intensity             = 0.000000
        thunderbolt_collection           =
        thunderbolt_duration             = 0.000000
        thunderbolt_period               = 0.000000
        water_intensity                  = 0.000000
        wind_direction                   = -120.000000
        wind_velocity                    = 100.000000
        tree_amplitude_intensity        = 0.050000
