[environment]
        altitude                         = 20.000000
        delta_longitude                  = 30.000000
        fog_color                        = 0.100000
        min_dist_factor                  = 0.940000
        second_propability               = 0.500000
        sky_color                        = 0.100000
        sun_color                        = 0.900000
        tilt                             = 17.000000
 
